3.550000
3.530000
3.530000
3.660000
3.640000
3.650000
3.650000
3.640000
3.630000
3.640000
3.610000
3.620000
3.610000
3.580000
3.620000
3.620000
3.580000
3.530000
3.510000
3.540000
3.520000
3.520000
3.570000
3.570000
3.600000
3.590000
3.580000
3.650000
3.660000
3.690000
3.650000
3.590000
3.640000
3.680000
3.710000
3.710000
3.770000
3.870000
3.810000
3.790000
3.780000
3.720000
3.680000
3.750000
3.760000
3.710000
3.650000
3.590000
3.580000
3.630000
3.630000
3.670000
3.670000
3.660000
3.510000
3.500000
3.460000
3.420000
3.450000
3.490000
3.420000
3.360000
3.230000
3.150000
3.210000
3.250000
3.310000
3.290000
3.290000
3.240000
3.240000
3.240000
3.180000
3.200000
3.230000
3.230000
3.240000
3.260000
3.240000
3.190000
3.230000
3.210000
3.230000
3.230000
3.240000
3.380000
3.430000
3.400000
3.380000
3.350000
3.460000
3.410000
3.420000
3.420000
3.460000
3.430000
3.430000
3.410000
3.410000
3.390000
3.320000
3.340000
3.350000
3.320000
3.340000
3.440000
3.350000
3.440000
3.470000
3.520000
3.600000
3.520000
3.520000
3.550000
3.600000
3.570000
3.470000
3.400000
3.400000
3.480000
3.570000
3.450000
3.500000
3.450000
3.390000
3.340000
3.310000
3.340000
3.380000
3.400000
3.380000
3.440000
3.410000
3.390000
3.350000
3.310000
3.440000
3.400000
3.350000
3.340000
3.380000
3.360000
3.370000
3.350000
3.280000
3.230000
3.240000
3.250000
3.180000
3.200000
3.220000
3.220000
3.230000
3.170000
3.220000
3.220000
3.210000
3.270000
3.220000
3.230000
3.190000
3.210000
3.200000
3.150000
3.170000
3.100000
3.120000
3.050000
3.080000
3.050000
3.020000
3.020000
3.070000
3.000000
3.000000
3.030000
3.100000
3.150000
3.110000
3.150000
3.200000
3.240000
3.220000
3.220000
3.220000
3.250000
3.250000
3.150000
3.080000
3.050000
3.080000
3.080000
3.030000
3.030000
3.060000
3.060000
3.060000
3.010000
3.060000
3.060000
3.030000
3.020000
3.030000
3.010000
3.040000
3.090000
3.090000
3.050000
3.000000
3.000000
2.990000
2.990000
2.990000
2.960000
2.820000
2.810000
2.900000
2.910000
2.930000
2.950000
2.960000
2.960000
2.940000
2.950000
2.950000
2.920000
2.900000
2.900000
2.930000
2.890000
2.830000
2.720000
2.740000
2.800000
2.800000
2.780000
2.780000
2.850000
2.820000
2.810000
2.830000
2.840000
2.860000
2.800000
2.780000
2.840000
2.730000
2.790000
2.790000
2.820000
2.830000
2.850000
2.890000
2.870000
2.820000
2.860000
2.950000
2.990000
3.040000
3.000000
3.020000
2.970000
2.950000
2.970000
2.970000
2.990000
2.990000
2.970000
2.960000
2.860000
2.970000
2.970000
2.970000
2.940000
2.950000
2.960000
2.910000
2.930000
2.920000
2.910000
2.850000
2.910000
2.860000
2.850000
2.830000
2.900000
2.920000
2.920000
2.910000
2.900000
2.750000
2.680000
2.680000
2.520000
2.520000
2.620000
2.630000
2.560000
2.500000
2.650000
2.630000
2.680000
2.790000
2.790000
2.830000
2.710000
2.770000
2.890000
2.890000
2.870000
2.880000
2.920000
2.930000
2.900000
2.800000
2.800000
2.880000
2.900000
2.810000
2.860000
2.860000
2.890000
2.860000
2.860000
2.780000
2.750000
2.670000
2.670000
2.610000
2.580000
2.590000
2.590000
2.580000
2.620000
2.570000
2.590000
2.620000
2.630000
2.640000
2.620000
2.570000
2.530000
2.550000
2.550000
2.530000
2.520000
2.530000
2.510000
2.560000
2.520000
2.430000
2.370000
2.530000
2.520000
2.490000
2.510000
2.470000
2.470000
2.450000
2.480000
2.470000
2.350000
2.320000
2.360000
2.360000
2.360000
2.360000
2.430000
2.440000
2.440000
2.440000
2.410000
2.420000
2.390000
2.340000
2.380000
2.350000
2.320000
2.310000
2.280000
2.430000
2.450000
2.460000
2.440000
2.410000
2.410000
2.390000
2.350000
2.340000
2.400000
2.350000
2.340000
2.350000
2.340000
2.310000
2.320000
2.310000
2.320000
2.300000
2.270000
2.270000
2.230000
2.310000
2.270000
2.250000
2.230000
2.260000
2.230000
2.220000
2.220000
2.230000
2.230000
2.230000
2.310000
2.360000
2.330000
2.320000
2.340000
2.360000
2.350000
2.360000
2.370000
2.390000
2.420000
2.460000
2.350000
2.380000
2.390000
2.400000
2.410000
2.390000
2.400000
2.400000
2.400000
2.400000
2.400000
2.410000
2.420000
2.410000
2.400000
2.390000
2.380000
2.370000
2.350000
2.360000
2.360000
2.330000
2.340000
2.310000
2.350000
2.300000
2.300000
2.300000
2.320000
2.290000
2.290000
2.290000
2.250000
2.260000
2.230000
2.240000
2.300000
2.280000
2.300000
2.290000
2.290000
2.300000
2.300000
2.310000
2.300000
2.340000
2.320000
2.320000
2.310000
2.310000
2.300000
2.290000
2.290000
2.270000
2.200000
2.170000
2.200000
2.160000
2.180000
2.180000
2.210000
2.170000
2.190000
2.180000
2.170000
2.210000
2.170000
2.140000
2.080000
1.980000
2.000000
2.000000
1.970000
1.960000
1.960000
1.940000
1.950000
1.940000
1.950000
1.920000
1.910000
1.910000
1.900000
1.900000
1.840000
1.830000
1.830000
1.800000
1.720000
1.650000
1.670000
1.590000
1.690000
1.680000
1.720000
1.730000
1.790000
1.750000
1.760000
1.680000
1.690000
1.690000
1.710000
1.730000
1.730000
1.700000
1.700000
1.700000
1.680000
1.700000
1.680000
1.660000
1.690000
1.690000
1.680000
1.680000
1.650000
1.670000
1.670000
1.650000
1.680000
1.680000
1.680000
1.680000
1.690000
1.690000
1.700000
1.700000
1.710000
1.710000
1.690000
1.630000
1.570000
1.660000
1.570000
1.560000
1.560000
1.560000
1.530000
1.510000
1.520000
1.520000
1.550000
1.540000
1.560000
1.590000
1.570000
1.530000
1.590000
1.570000
1.570000
1.580000
1.560000
1.560000
1.520000
1.520000
1.560000
1.550000
1.560000
1.560000
1.530000
1.540000
1.540000
1.540000
1.680000
1.690000
1.660000
1.640000
1.650000
1.640000
1.650000
1.620000
1.670000
1.710000
1.670000
1.680000
1.670000
1.620000
1.630000
1.670000
1.650000
1.680000
1.680000
1.690000
1.670000
1.680000
1.700000
1.680000
1.650000
1.630000
1.600000
1.600000
1.550000
1.550000
1.530000
1.570000
1.610000
1.660000
1.650000
1.640000
1.640000
1.640000
1.640000
1.600000
1.600000
1.590000
1.590000
1.620000
1.670000
1.660000
1.660000
1.660000
1.680000
1.670000
1.670000
1.640000
1.590000
1.600000
1.600000
1.610000
1.570000
1.560000
1.570000
1.550000
1.510000
1.490000
1.500000
1.490000
1.510000
1.560000
1.530000
1.550000
1.530000
1.530000
1.510000
1.530000
1.510000
1.510000
1.530000
1.560000
1.580000
1.540000
1.540000
1.540000
1.520000
1.460000
1.430000
1.420000
1.420000
1.400000
1.410000
1.380000
1.410000
1.420000
1.510000
1.500000
1.450000
1.460000
1.490000
1.470000
1.530000
1.540000
1.560000
1.560000
1.530000
1.560000
1.600000
1.580000
1.600000
1.570000
1.620000
1.640000
1.620000
1.690000
1.730000
1.710000
1.690000
1.650000
1.670000
1.680000
1.730000
1.740000
1.720000
1.720000
1.720000
1.660000
1.630000
1.610000
1.640000
1.640000
1.640000
1.620000
1.620000
1.650000
1.630000
1.650000
1.650000
1.710000
1.690000
1.730000
1.730000
1.750000
1.740000
1.700000
1.750000
1.760000
1.760000
1.750000
1.740000
1.740000
1.750000
1.780000
1.760000
1.810000
1.880000
1.890000
1.930000
1.970000
1.930000
1.890000
1.890000
1.900000
1.890000
1.820000
1.900000
1.880000
1.800000
1.800000
1.830000
1.880000
1.840000
1.880000
1.890000
1.900000
1.860000
1.860000
1.910000
1.990000
1.970000
2.040000
2.100000
2.030000
2.060000
2.120000
2.140000
2.110000
2.040000
2.070000
2.010000
1.990000
1.970000
1.980000
2.000000
2.000000
1.990000
2.000000
1.990000
1.970000
1.930000
1.950000
1.990000
1.970000
1.980000
1.950000
1.930000
1.940000
1.930000
1.940000
1.940000
1.990000
2.000000
2.010000
2.040000
2.070000
2.080000
2.060000
2.040000
2.010000
1.980000
2.010000
2.000000
1.990000
1.960000
1.960000
1.960000
1.950000
1.940000
1.960000
1.960000
1.950000
1.940000
1.930000
1.930000
1.910000
1.920000
1.960000
1.960000
1.940000
1.950000
1.950000
1.970000
1.970000
1.990000
1.990000
2.000000
2.000000
2.030000
2.030000
2.010000
2.020000
2.000000
1.990000
1.970000
1.990000
1.970000
1.990000
1.980000
1.980000
1.980000
2.000000
1.990000
1.970000
1.960000
1.950000
1.950000
1.960000
1.960000
1.950000
2.000000
1.980000
1.970000
2.010000
2.000000
2.030000
2.000000
1.990000
2.010000
2.020000
2.010000
2.000000
2.000000
2.020000
2.030000
2.080000
2.050000
2.050000
2.030000
2.030000
2.030000
2.060000
2.050000
2.060000
2.040000
2.040000
2.060000
2.080000
2.040000
2.050000
2.050000
2.070000
2.090000
2.090000
2.090000
2.090000
2.070000
2.090000
2.090000
2.090000
2.130000
2.130000
2.110000
2.120000
2.120000
2.110000
2.110000
2.070000
2.080000
2.080000
2.090000
2.080000
2.050000
2.030000
2.050000
2.080000
2.080000
2.090000
2.070000
2.050000
2.140000
2.130000
2.130000
2.120000
2.140000
2.170000
2.180000
2.200000
2.220000
2.190000
2.200000
2.230000
2.240000
2.270000
2.280000
2.260000
2.280000
2.320000
2.290000
2.260000
2.280000
2.300000
2.320000
2.380000
2.350000
2.410000
2.490000
2.440000
2.420000
2.340000
2.370000
2.270000
2.290000
2.320000
2.300000
2.280000
2.240000
2.220000
2.200000
2.250000
2.280000
2.250000
2.270000
2.300000
2.340000
2.390000
2.370000
2.370000
2.410000
2.410000
2.410000
2.410000
2.440000
2.420000
2.400000
2.430000
2.420000
2.410000
2.410000
2.390000
2.400000
2.360000
2.300000
2.320000
2.330000
2.280000
2.300000
2.300000
2.330000
2.310000
2.290000
2.260000
2.290000
2.270000
2.270000
2.280000
2.190000
2.190000
2.210000
2.210000
2.210000
2.210000
2.200000
2.200000
2.230000
2.220000
2.220000
2.220000
2.220000
2.250000
2.230000
2.270000
2.220000
2.240000
2.240000
2.240000
2.210000
2.240000
2.250000
2.250000
2.250000
2.260000
2.260000
2.290000
2.280000
2.270000
2.320000
2.290000
2.300000
2.310000
2.310000
2.270000
2.270000
2.280000
2.290000
2.300000
2.340000
2.350000
2.350000
2.350000
2.380000
2.360000
2.370000
2.370000
2.380000
2.370000
2.340000
2.350000
2.370000
2.340000
2.220000
2.300000
2.270000
2.240000
2.250000
2.240000
2.300000
2.290000
2.270000
2.280000
2.290000
2.300000
2.270000
2.290000
2.280000
2.300000
2.280000
2.290000
2.280000
2.270000
2.270000
2.290000
2.280000
2.270000
2.280000
2.280000
2.230000
2.250000
2.290000
2.310000
2.320000
2.340000
2.360000
2.360000
2.340000
2.360000
2.370000
2.350000
2.370000
2.370000
2.370000
2.360000
2.310000
2.320000
2.350000
2.330000
2.360000
2.360000
2.370000
2.320000
2.340000
2.310000
2.350000
2.320000
2.330000
2.310000
2.340000
2.330000
2.340000
2.350000
2.360000
2.310000
2.270000
2.310000
2.320000
2.320000
2.340000
2.370000
2.390000
2.400000
2.350000
2.360000
2.300000
2.380000
2.350000
2.330000
2.260000
2.210000
2.300000
2.270000
2.250000
2.280000
2.260000
2.260000
2.260000
2.280000
2.240000
2.230000
2.230000
2.210000
2.210000
2.210000
2.220000
2.230000
2.220000
2.210000
2.230000
2.250000
2.280000
2.260000
2.230000
2.250000
2.250000
2.230000
2.220000
2.230000
2.220000
2.220000
2.230000
2.230000
2.230000
2.220000
2.250000
2.260000
2.280000
2.290000
2.270000
2.280000
2.260000
2.260000
2.220000
2.250000
2.230000
2.240000
2.230000
2.240000
2.240000
2.230000
2.240000
2.220000
2.240000
2.260000
2.280000
2.280000
2.290000
2.290000
2.270000
2.290000
2.290000
2.290000
2.310000
2.290000
2.310000
2.310000
2.300000
2.280000
2.240000
2.240000
2.230000
2.220000
2.220000
2.210000
2.210000
2.220000
2.240000
2.230000
2.240000
2.230000
2.230000
2.220000
2.220000
2.220000
2.200000
2.190000
2.180000
2.170000
2.160000
2.160000
2.170000
2.200000
2.200000
2.200000
2.210000
2.180000
2.150000
2.170000
2.160000
2.170000
2.150000
2.170000
2.170000
2.170000
2.170000
2.200000
2.190000
2.190000
2.190000
2.180000
2.180000
2.180000
2.190000
2.200000
2.100000
2.080000
2.100000
2.100000
2.110000
2.110000
2.120000
2.120000
2.100000
2.090000
2.100000
2.080000
2.100000
2.110000
2.100000
2.110000
2.090000
2.090000
2.130000
2.140000
2.140000
2.080000
2.100000
2.110000
2.090000
2.060000
2.090000
2.070000
2.070000
2.100000
2.100000
2.070000
2.080000
2.070000
2.090000
2.100000
2.080000
2.070000
2.080000
2.100000
2.100000
2.080000
2.090000
2.100000
2.060000
2.060000
2.070000
2.080000
2.090000
2.080000
2.080000
2.080000
2.070000
2.070000
2.080000
2.090000
2.090000
2.080000
2.080000
2.090000
2.090000
2.090000
2.100000
2.080000
2.100000
2.130000
2.170000
2.170000
2.200000
2.180000
2.170000
2.210000
2.230000
2.240000
2.230000
2.200000
2.210000
2.200000
2.220000
2.210000
2.220000
2.220000
2.210000
2.230000
2.240000
2.230000
2.240000
2.240000
2.250000
2.250000
2.260000
2.280000
2.280000
2.260000
2.290000
2.320000
2.320000
2.310000
2.300000
2.300000
2.330000
2.320000
2.310000
2.320000
2.320000
2.340000
2.320000
2.310000
2.310000
2.320000
2.350000
2.320000
2.320000
2.320000
2.310000
2.310000
2.300000
2.290000
2.280000
2.290000
2.280000
2.280000
2.270000
2.280000
2.290000
2.320000
2.310000
2.310000
2.320000
2.330000
2.340000
2.310000
2.320000
2.330000
2.360000
2.340000
2.360000
2.350000
2.360000
2.360000
2.350000
2.380000
2.360000
2.370000
2.360000
2.360000
2.360000
2.380000
2.390000
2.390000
2.410000
2.410000
2.460000
2.500000
2.520000
2.510000
2.500000
2.510000
2.510000
2.500000
2.540000
2.550000
2.560000
2.540000
2.550000
2.550000
2.540000
2.540000
2.550000
2.570000
2.580000
2.620000
2.650000
2.660000
2.660000
2.630000
2.610000
2.630000
2.600000
2.600000
2.630000
2.650000
2.680000
2.750000
2.820000
2.760000
2.790000
2.790000
2.820000
2.780000
2.790000
2.790000
2.750000
2.720000
2.720000
2.680000
2.700000
2.700000
2.700000
2.690000
2.710000
2.730000
2.700000
2.720000
2.740000
2.770000
2.790000
2.780000
2.810000
2.800000
2.830000
2.830000
2.820000
2.830000
2.840000
2.930000
2.940000
2.940000
2.960000
2.990000
2.930000
2.960000
2.950000
2.920000
2.960000
2.960000
2.930000
2.960000
2.970000
2.950000
2.950000
3.020000
3.020000
3.010000
3.000000
2.980000
3.010000
3.000000
3.030000
3.030000
3.040000
3.150000
3.230000
3.240000
3.210000
3.190000
3.280000
3.250000
3.280000
3.300000
3.270000
3.250000
3.260000
3.260000
3.260000
3.280000
3.320000
3.280000
3.280000
3.270000
3.170000
3.190000
3.150000
3.120000
3.130000
3.110000
3.110000
3.100000
3.120000
3.100000
3.060000
3.030000
3.030000
3.040000
3.040000
2.980000
2.900000
2.840000
2.860000
2.870000
2.860000
2.860000
2.960000
2.940000
2.880000
2.880000
2.860000
2.920000
2.920000
2.930000
2.970000
2.900000
2.940000
2.880000
2.850000
2.840000
2.840000
2.840000
2.920000
2.900000
2.920000
2.910000
2.930000
2.990000
3.010000
3.050000
3.050000
3.070000
3.030000
3.030000
2.980000
2.980000
2.970000
3.030000
2.990000
2.990000
2.960000
2.950000
2.940000
2.930000
3.010000
3.000000
2.970000
3.000000
3.010000
3.050000
3.050000
3.100000
3.100000
3.100000
3.090000
3.140000
3.140000
3.120000
3.170000
3.190000
3.160000
3.160000
3.190000
3.190000
3.200000
3.180000
3.170000
3.170000
3.160000
3.170000
3.150000
3.120000
3.170000
3.160000
3.150000
3.140000
3.160000
3.160000
3.130000
3.100000
3.070000
3.090000
3.060000
3.080000
3.100000
3.080000
3.160000
3.120000
3.130000
3.140000
3.160000
3.160000
3.170000
3.220000
3.420000
3.390000
3.420000
3.510000
3.440000
3.480000
3.430000
3.460000
3.450000
3.440000
3.440000
3.420000
3.440000
3.420000
3.430000
3.470000
3.480000
3.490000
3.530000
3.500000
3.580000
3.590000
3.600000
3.560000
3.520000
3.510000
3.500000
3.490000
3.590000
3.580000
3.600000
3.610000
3.600000
3.590000
3.560000
3.600000
3.590000
3.580000
3.570000
3.580000
3.560000
3.540000
3.530000
3.570000
3.550000
3.550000
3.580000
3.580000
3.590000
3.670000
3.740000
3.720000
3.740000
3.740000
3.740000
3.750000
3.740000
3.750000
3.840000
3.830000
3.740000
3.740000
3.740000
3.740000
3.740000
3.770000
3.800000
3.840000
3.840000
3.820000
3.800000
3.820000
3.810000
3.830000
3.870000
3.890000
3.970000
3.960000
3.940000
3.970000
4.040000
3.990000
3.870000
3.810000
3.820000
3.840000
3.840000
3.850000
3.860000
3.880000
3.830000
3.860000
3.860000
3.900000
3.900000
4.000000
4.000000
4.080000
4.060000
4.020000
4.020000
4.060000
4.220000
4.270000
4.280000
4.260000
4.340000
4.280000
4.280000
4.190000
4.140000
4.160000
4.160000
4.140000
4.180000
4.090000
4.090000
4.060000
4.090000
4.070000
4.000000
4.060000
4.000000
4.080000
4.040000
4.040000
4.090000
4.090000
4.100000
4.160000
4.060000
4.070000
4.020000
4.100000
4.160000
4.140000
4.120000
4.120000
4.120000
4.150000
4.110000
4.090000
4.120000
4.130000
4.100000
4.100000
4.110000
4.120000
4.090000
4.060000
4.090000
4.110000
4.080000
4.010000
4.010000
3.990000
3.970000
4.010000
4.010000
3.980000
3.980000
3.960000
3.950000
3.970000
3.940000
3.960000
4.150000
4.180000
4.110000
4.150000
4.220000
4.270000
4.270000
4.280000
4.260000
4.210000
4.230000
4.230000
4.230000
4.160000
4.120000
4.040000
4.070000
4.080000
4.070000
4.080000
4.110000
4.140000
4.140000
4.100000
4.150000
4.130000
4.110000
4.110000
4.100000
4.160000
4.120000
4.090000
4.090000
4.140000
4.160000
4.110000
4.120000
4.130000
4.150000
4.130000
4.150000
4.210000
4.250000
4.220000
4.190000
4.190000
4.220000
4.250000
4.230000
4.230000
4.230000
4.180000
4.110000
4.170000
4.110000
4.130000
4.110000
4.110000
4.120000
4.180000
4.120000
4.080000
4.080000
4.060000
4.080000
3.970000
3.890000
3.950000
3.960000
4.020000
4.050000
4.050000
4.040000
4.030000
4.040000
4.020000
4.030000
4.030000
4.040000
4.020000
4.000000
3.890000
3.890000
3.950000
3.920000
3.910000
3.900000
3.880000
3.890000
3.990000
3.970000
4.020000
4.020000
3.990000
4.050000
4.100000
4.100000
4.120000
4.140000
4.140000
4.100000
4.150000
4.130000
4.220000
4.210000
4.300000
4.250000
4.250000
4.230000
4.290000
4.320000
4.270000
4.280000
4.340000
4.310000
4.340000
4.350000
4.390000
4.390000
4.440000
4.500000
4.450000
4.450000
4.560000
4.690000
4.850000
4.840000
4.910000
4.700000
4.680000
4.760000
4.720000
4.620000
4.540000
4.580000
4.650000
4.690000
4.710000
4.610000
4.700000
4.600000
4.610000
4.710000
4.680000
4.620000
4.630000
4.590000
4.570000
4.690000
4.600000
4.520000
4.600000
4.600000
4.580000
4.510000
4.470000
4.490000
4.520000
4.520000
4.520000
4.460000
4.450000
4.470000
4.470000
4.450000
4.510000
4.540000
4.660000
4.630000
4.500000
4.540000
4.530000
4.500000
4.380000
4.200000
4.230000
4.190000
3.990000
3.870000
3.730000
3.960000
4.110000
4.100000
4.295000
4.280000
4.260000
4.345000
4.310000
4.115000
4.135000
4.100000
4.095000
4.140000
4.270000
4.280000
4.260000
4.185000
4.210000
4.185000
4.090000
4.120000
4.035000
4.070000
4.070000
4.080000
3.990000
3.875000
3.795000
3.790000
3.880000
3.870000
3.900000
3.830000
3.840000
3.835000
3.750000
3.685000
3.650000
3.700000
3.760000
3.725000
3.725000
3.725000
3.845000
3.865000
3.870000
3.905000
3.840000
3.890000
3.950000
3.975000
4.015000
4.075000
4.150000
4.100000
4.090000
4.045000
4.020000
4.065000
4.110000
4.095000
4.125000
4.145000
4.125000
4.105000
4.130000
4.100000
4.135000
4.065000
4.060000
4.060000
4.130000
4.050000
4.125000
4.210000
4.150000
4.130000
4.085000
4.140000
4.125000
4.020000
3.990000
4.090000
4.075000
4.055000
4.095000
4.050000
4.015000
4.040000
4.030000
4.060000
4.050000
3.975000
4.030000
3.900000
3.890000
3.815000
3.790000
3.780000
3.715000
3.700000
3.700000
3.700000
3.695000
3.680000
3.595000
3.505000
3.480000
3.375000
3.425000
3.370000
3.330000
3.315000
3.250000
3.400000
3.465000
3.405000
3.470000
3.560000
3.585000
3.565000
3.490000
3.455000
3.380000
3.430000
3.510000
3.560000
3.555000
3.485000
3.520000
3.450000
3.440000
3.390000
3.410000
3.475000
3.515000
3.420000
3.410000
3.325000
3.200000
3.220000
3.250000
3.275000
3.325000
3.290000
3.305000
3.360000
3.330000
3.275000
3.285000
3.310000
3.335000
3.330000
3.350000
3.365000
3.420000
3.470000
3.500000
3.455000
3.487000
3.400000
3.300000
3.315000
3.191000
3.113000
3.055000
3.126000
3.035000
2.950000
2.823000
2.702000
3.021000
2.919000
2.990000
3.030000
2.997000
3.006000
2.875000
2.939000
2.840000
2.724000
2.700000
2.256000
2.377000
2.272000
2.299000
2.241000
2.536000
2.770000
2.638000
2.481000
2.543000
2.683000
2.600000
2.430000
2.485000
2.352000
2.300000
2.404000
2.713000
2.644000
2.686000
2.806000
2.955000
2.847000
2.700000
2.760000
2.751000
2.708000
2.635000
2.627000
2.662000
2.622000
2.712000
2.706000
2.567000
2.497000
2.680000
2.670000
2.640000
2.688000
2.663000
2.589000
2.550000
2.563000
2.467000
2.352000
2.437000
2.480000
2.470000
2.470000
2.443000
2.478000
2.500000
2.550000
2.680000
2.622000
2.620000
2.630000
2.630000
2.630000
2.630000
2.644000
2.700000
2.695000
2.695000
2.710000
2.777000
2.800000
2.737000
2.756000
2.730000
2.681000
2.740000
2.624000
2.720000
2.790000
2.785000
2.759000
2.700000
2.737000
2.759000
2.769000
2.720000
2.734000
2.750000
2.778000
2.739000
2.758000
2.800000
2.780000
2.795000
2.740000
2.720000
2.707000
2.664000
2.616000
2.559000
2.490000
2.512000
2.550000
2.541000
2.556000
2.500000
2.440000
2.472000
2.510000
2.453000
2.384000
2.437000
2.350000
2.442000
2.455000
2.504000
2.574000
2.590000
2.560000
2.554000
2.580000
2.625000
2.705000
2.740000
2.808000
2.788000
2.750000
2.595000
2.525000
2.502000
2.613000
2.590000
2.631000
2.590000
2.656000
2.719000
2.737000
2.778000
2.778000
2.778000
2.789000
2.774000
2.800000
2.762000
2.729000
2.670000
2.711000
2.662000
2.703000
2.685000
2.670000
2.742000
2.764000
2.764000
2.801000
2.781000
2.824000
2.860000
2.930000
2.812000
2.770000
2.801000
2.790000
2.808000
2.848000
2.895000
2.889000
2.853000
2.851000
2.853000
2.878000
2.875000
2.865000
2.836000
2.867000
2.860000
2.806000
2.800000
2.784000
2.770000
2.830000
2.770000
2.817000
2.793000
2.748000
2.735000
2.640000
2.701000
2.767000
2.699000
2.750000
2.780000
2.803000
2.811000
2.814000
2.793000
2.818000
2.791000
2.795000
2.780000
2.754000
2.747000
2.765000
2.740000
2.785000
2.781000
2.820000
2.785000
2.781000
2.809000
2.802000
2.792000
2.795000
2.790000
2.790000
2.780000
2.784000
2.786000
2.783000
2.836000
2.837000
2.831000
2.811000
2.821000
2.800000
2.800000
2.838000
2.847000
2.817000
2.790000
2.796000
2.839000
2.853000
2.902000
2.958000
2.961000
2.972000
2.998000
2.990000
3.015000
2.982000
2.944000
2.967000
2.993000
3.040000
3.030000
3.025000
3.013000
3.010000
3.012000
3.013000
3.034000
3.101000
3.064000
3.060000
3.085000
3.092000
3.070000
3.039000
3.094000
3.105000
3.130000
3.145000
3.104000
3.140000
3.170000
3.180000
3.200000
3.203000
3.187000
3.125000
3.181000
3.135000
3.130000
3.106000
3.101000
3.110000
3.066000
3.057000
3.050000
3.070000
3.004000
3.016000
3.007000
3.030000
3.005000
3.099000
3.089000
3.069000
3.070000
3.085000
3.090000
3.089000
3.106000
3.120000
3.103000
3.091000
3.040000
3.056000
3.080000
3.080000
3.107000
3.049000
3.078000
3.054000
3.084000
3.102000
3.071000
3.090000
3.086000
3.070000
3.079000
3.090000
3.098000
3.095000
3.091000
3.109000
3.073000
3.062000
3.100000
3.096000
3.071000
3.091000
3.066000
3.100000
3.142000
3.108000
3.132000
3.119000
3.125000
3.139000
3.178000
3.185000
3.130000
3.130000
3.120000
3.057000
3.080000
3.037000
2.970000
2.988000
2.974000
2.956000
2.945000
2.955000
2.928000
2.871000
2.837000
2.829000
2.748000
2.680000
2.668000
2.703000
2.710000
2.751000
2.703000
2.678000
2.683000
2.765000
2.751000
2.776000
2.864000
2.849000
2.800000
2.748000
2.676000
2.695000
2.733000
2.757000
2.764000
2.795000
2.870000
2.802000
2.800000
2.865000
2.885000
2.884000
2.872000
2.895000
2.983000
2.940000
2.915000
2.855000
2.852000
2.840000
2.885000
2.900000
2.953000
2.971000
2.943000
2.959000
2.959000
2.959000
2.944000
2.945000
2.930000
2.973000
3.007000
3.001000
3.035000
3.020000
2.970000
2.942000
2.971000
2.863000
2.815000
2.826000
2.726000
2.622000
2.587000
2.696000
2.689000
2.712000
2.642000
2.576000
2.585000
2.596000
2.715000
2.652000
2.689000
2.685000
2.584000
2.611000
2.643000
2.619000
2.570000
2.560000
2.574000
2.500000
2.498000
2.540000
2.531000
2.516000
2.537000
2.517000
2.554000
2.484000
2.486000
2.460000
2.473000
2.524000
2.525000
2.540000
2.539000
2.594000
2.589000
2.612000
2.607000
2.590000
2.566000
2.516000
2.486000
2.480000
2.430000
2.440000
2.425000
2.441000
2.434000
2.480000
2.517000
2.533000
2.521000
2.495000
2.480000
2.497000
2.497000
2.475000
2.465000
2.480000
2.486000
2.508000
2.510000
2.505000
2.505000
2.520000
2.530000
2.523000
2.565000
2.540000
2.550000
2.549000
2.496000
2.533000
2.512000
2.464000
2.455000
2.463000
2.453000
2.480000
2.453000
2.429000
2.399000
2.413000
2.400000
2.411000
2.424000
2.430000
2.428000
2.400000
2.422000
2.409000
2.419000
2.445000
2.436000
2.466000
2.481000
2.530000
2.570000
2.609000
2.562000
2.579000
2.540000
2.552000
2.562000
2.500000
2.461000
2.523000
2.531000
2.550000
2.529000
2.514000
2.503000
2.487000
2.522000
2.531000
2.564000
2.600000
2.620000
2.573000
2.600000
2.647000
2.679000
2.697000
2.720000
2.678000
2.670000
2.684000
2.690000
2.706000
2.674000
2.710000
2.749000
2.751000
2.765000
2.676000
2.662000
2.570000
2.567000
2.546000
2.560000
2.575000
2.609000
2.595000
2.569000
2.562000
2.596000
2.620000
2.590000
2.497000
2.507000
2.491000
2.472000
2.428000
2.464000
2.487000
2.510000
2.537000
2.529000
2.555000
2.600000
2.664000
2.663000
2.680000
2.607000
2.595000
2.590000
2.593000
2.617000
2.602000
2.611000
2.584000
2.582000
2.538000
2.526000
2.530000
2.500000
2.491000
2.536000
2.546000
2.579000
2.560000
2.512000
2.473000
2.504000
2.600000
2.610000
2.654000
2.631000
2.680000
2.716000
2.759000
2.800000
2.829000
2.772000
2.721000
2.776000
2.768000
2.806000
2.869000
2.869000
2.840000
2.840000
2.860000
2.849000
2.882000
2.834000
2.808000
2.822000
2.820000
2.895000
2.910000
2.871000
2.800000
2.769000
2.751000
2.760000
2.777000
2.748000
2.743000
2.772000
2.788000
2.751000
2.751000
2.780000
2.803000
2.789000
2.771000
2.751000
2.711000
2.704000
2.703000
2.720000
2.754000
2.722000
2.701000
2.725000
2.734000
2.727000
2.711000
2.767000
2.748000
2.806000
2.769000
2.743000
2.779000
2.786000
2.809000
2.805000
2.760000
2.837000
2.804000
2.800000
2.750000
2.730000
2.771000
2.790000
2.790000
2.790000
2.772000
2.760000
2.783000
2.760000
2.770000
2.770000
2.700000
2.670000
2.720000
2.724000
2.574000
2.616000
2.606000
2.622000
2.593000
2.600000
2.577000
2.608000
2.610000
2.557000
2.567000
2.580000
2.589000
2.595000
2.576000
2.585000
2.565000
2.550000
2.563000
2.564000
2.597000
2.531000
2.579000
2.504000
2.508000
2.518000
2.475000
2.443000
2.485000
2.440000
2.462000
2.436000
2.410000
2.387000
2.366000
2.384000
2.401000
2.449000
2.496000
2.534000
2.527000
2.442000
2.487000
2.433000
2.330000
2.305000
2.295000
2.260000
2.263000
2.206000
2.230000
2.300000
2.379000
2.465000
2.472000
2.454000
2.404000
2.414000
2.420000
2.297000
2.280000
2.257000
2.240000
2.249000
2.223000
2.094000
2.080000
2.095000
2.123000
2.211000
2.144000
2.170000
2.065000
2.095000
2.167000
2.200000
2.215000
2.164000
2.151000
2.242000
2.230000
2.290000
2.280000
2.472000
2.390000
2.282000
2.318000
2.304000
2.285000
2.180000
2.214000
2.290000
2.346000
2.386000
2.353000
2.402000
2.412000
2.340000
2.294000
2.256000
2.324000
2.385000
2.351000
2.315000
2.263000
2.318000
2.345000
2.363000
2.407000
2.425000
2.397000
2.459000
2.468000
2.464000
2.420000
2.420000
2.449000
2.398000
2.414000
2.411000
2.382000
2.380000
2.405000
2.368000
2.285000
2.242000
2.200000
2.297000
2.270000
2.354000
2.291000
2.300000
2.300000
2.350000
2.305000
2.327000
2.299000
2.311000
2.323000
2.276000
2.277000
2.240000
2.210000
2.226000
2.301000
2.324000
2.380000
2.362000
2.408000
2.470000
2.448000
2.480000
2.420000
2.449000
2.468000
2.410000
2.410000
2.470000
2.371000
2.370000
2.342000
2.246000
2.330000
2.323000
2.323000
2.338000
2.378000
2.384000
2.391000
2.460000
2.463000
2.470000
2.400000
2.404000
2.381000
2.352000
2.344000
2.370000
2.354000
2.344000
2.359000
2.270000
2.300000
2.290000
2.243000
2.242000
2.211000
2.241000
2.219000
2.193000
2.231000
2.230000
2.195000
2.209000
2.185000
2.245000
2.280000
2.220000
2.234000
2.249000
2.271000
2.239000
2.247000
2.236000
2.244000
2.240000
2.232000
2.190000
2.178000
2.169000
2.158000
2.190000
2.240000
2.299000
2.277000
2.233000
2.245000
2.255000
2.254000
2.212000
2.230000
2.240000
2.233000
2.182000
2.196000
2.230000
2.219000
2.207000
2.194000
2.200000
2.225000
2.210000
2.155000
2.181000
2.170000
2.158000
2.109000
2.084000
2.084000
2.084000
2.041000
2.101000
2.065000
2.077000
2.068000
2.102000
2.090000
2.088000
2.110000
2.070000
2.115000
2.130000
2.105000
2.150000
2.160000
2.160000
2.178000
2.167000
2.186000
2.205000
2.224000
2.244000
2.270000
2.097000
2.040000
2.002000
1.917000
1.820000
1.852000
1.834000
1.880000
1.757000
1.737000
1.732000
1.714000
1.674000
1.659000
1.680000
1.660000
1.700000
1.683000
1.738000
1.744000
1.760000
1.738000
1.735000
1.690000
1.710000
1.750000
1.758000
1.775000
1.800000
1.794000
1.820000
1.803000
1.774000
1.790000
1.800000
1.864000
1.915000
1.930000
1.970000
1.953000
1.905000
1.914000
1.911000
1.930000
1.930000
1.956000
1.964000
1.969000
1.963000
1.946000
1.937000
1.824000
1.770000
1.756000
1.874000
1.853000
1.854000
1.854000
1.859000
1.823000
1.901000
1.926000
1.989000
1.977000
1.972000
1.937000
1.938000
1.925000
1.949000
1.975000
2.000000
2.029000
2.010000
2.012000
1.969000
1.962000
1.984000
1.977000
1.974000
1.918000
1.938000
1.962000
1.967000
2.021000
2.083000
2.155000
2.187000
2.197000
2.212000
2.210000
2.297000
2.296000
2.238000
2.230000
2.218000
2.237000
2.177000
2.228000
2.185000
2.187000
2.142000
2.158000
2.153000
2.163000
2.120000
2.141000
2.118000
2.104000
2.077000
2.088000
2.090000
2.074000
2.103000
2.142000
2.160000
2.119000
2.125000
2.106000
2.111000
2.075000
2.091000
2.069000
2.087000
2.096000
2.074000
2.075000
2.043000
2.030000
1.985000
1.989000
1.974000
1.973000
1.958000
1.959000
1.946000
1.922000
1.940000
1.940000
1.960000
1.954000
1.950000
1.930000
1.922000
1.917000
1.930000
1.946000
1.975000
1.954000
2.037000
2.054000
2.104000
2.100000
2.144000
2.167000
2.212000
2.244000
2.270000
2.280000
2.289000
2.352000
2.311000
2.319000
2.319000
2.319000
2.295000
2.293000
2.290000
2.290000
2.350000
2.350000
2.350000
2.308000
2.306000
2.355000
2.368000
2.349000
2.345000
2.359000
2.368000
2.412000
2.412000
2.388000
2.379000
2.387000
2.360000
2.360000
2.331000
2.350000
2.362000
2.375000
2.401000
2.365000
2.380000
2.388000
2.390000
2.405000
2.395000
2.412000
2.422000
2.345000
2.335000
2.330000
2.326000
2.305000
2.227000
2.245000
2.280000
2.250000
2.283000
2.298000
2.280000
2.300000
2.320000
2.317000
2.320000
2.350000
2.349000
2.355000
2.360000
2.440000
2.430000
2.419000
2.419000
2.444000
2.478000
2.478000
2.465000
2.460000
2.440000
2.402000
2.402000
2.402000
2.383000
2.320000
2.319000
2.311000
2.290000
2.370000
2.422000
2.412000
2.470000
2.490000
2.460000
2.458000
2.428000
2.503000
2.501000
2.550000
2.569000
2.620000
2.570000
2.620000
2.610000
2.610000
2.610000
2.607000
2.616000
2.600000
2.619000
2.606000
2.624000
2.635000
2.615000
2.599000
2.608000
2.638000
2.474000
2.466000
2.459000
2.441000
2.490000
2.502000
2.541000
2.512000
2.520000
2.479000
2.465000
2.475000
2.458000
2.466000
2.520000
2.535000
2.519000
2.521000
2.533000
2.537000
2.549000
2.579000
2.576000
2.515000
2.439000
2.395000
2.414000
2.448000
2.446000
2.475000
2.459000
2.465000
2.308000
2.368000
2.370000
2.411000
2.423000
2.481000
2.468000
2.410000
2.404000
2.411000
2.419000
2.459000
2.500000
2.485000
2.490000
2.520000
2.530000
2.565000
2.600000
2.642000
2.670000
2.668000
2.661000
2.663000
2.634000
2.666000
2.700000
2.703000
2.700000
2.700000
2.713000
2.717000
2.706000
2.695000
2.672000
2.667000
2.700000
2.699000
2.690000
2.675000
2.682000
2.705000
2.674000
2.698000
2.698000
2.687000
2.690000
2.705000
2.680000
2.710000
2.715000
2.713000
2.709000
2.711000
2.710000
2.710000
2.705000
2.713000
2.694000
2.708000
2.720000
2.720000
2.714000
2.700000
2.697000
2.700000
2.690000
2.586000
2.545000
2.522000
2.468000
2.458000
2.481000
2.510000
2.560000
2.612000
2.647000
2.677000
2.675000
2.690000
2.677000
2.682000
2.670000
2.669000
2.669000
2.690000
2.712000
2.719000
2.706000
2.710000
2.719000
2.697000
2.696000
2.711000
2.715000
2.719000
2.728000
2.730000
2.762000
2.760000
2.750000
2.751000
2.783000
2.799000
2.781000
2.782000
2.780000
2.790000
2.770000
2.730000
2.710000
2.690000
2.670000
2.690000
2.690000
2.670000
2.650000
2.640000
2.640000
2.650000
2.620000
2.630000
2.620000
2.640000
2.650000
2.650000
2.650000
2.640000
2.670000
2.670000
2.670000
2.640000
2.680000
2.690000
2.740000
2.790000
2.810000
2.830000
2.850000
2.830000
2.850000
2.850000
2.870000
2.850000
2.840000
2.830000
2.820000
2.770000
2.770000
2.800000
2.790000
2.800000
2.790000
2.800000
2.760000
2.770000
2.800000
2.800000
2.810000
2.910000
2.870000
2.900000
2.930000
2.930000
2.900000
2.930000
2.960000
2.990000
3.020000
3.060000
3.070000
3.100000
3.140000
3.100000
3.180000
3.210000
3.240000
3.240000
3.255000
3.286000
3.266000
3.224000
3.207000
3.241000
3.283000
3.261000
3.302000
3.274000
3.201000
3.258000
3.302000
3.300000
3.349000
3.371000
3.380000
3.336000
3.300000
3.215000
3.248000
3.180000
3.239000
3.233000
3.200000
3.234000
3.247000
3.320000
3.352000
3.352000
3.352000
3.388000
3.390000
3.423000
3.431000
3.450000
3.490000
3.500000
3.500000
3.500000
3.534000
3.522000
3.511000
3.573000
3.485000
3.521000
3.488000
3.370000
3.360000
3.392000
3.407000
3.420000
3.421000
3.493000
3.544000
3.410000
3.404000
3.431000
3.400000
3.470000
3.515000
3.483000
3.490000
3.557000
3.620000
3.678000
3.700000
3.660000
3.655000
3.663000
3.664000
3.660000
3.660000
3.700000
3.719000
3.748000
3.740000
3.674000
3.680000
3.680000
3.664000
3.557000
3.585000
3.596000
3.540000
3.497000
3.486000
3.280000
3.228000
3.372000
3.414000
3.370000
3.415000
3.390000
3.402000
3.443000
3.517000
3.527000
3.568000
3.610000
3.612000
3.596000
3.573000
3.503000
3.418000
3.424000
3.420000
3.282000
3.133000
3.090000
3.169000
3.188000
3.295000
3.359000
3.398000
3.455000
3.450000
3.493000
3.560000
3.512000
3.541000
3.607000
3.677000
3.640000
3.684000
3.651000
3.570000
3.571000
3.619000
3.668000
3.629000
3.573000
3.551000
3.516000
3.393000
3.396000
3.390000
3.430000
3.500000
3.438000
3.434000
3.389000
3.370000
3.321000
3.404000
3.429000
3.455000
3.437000
3.294000
3.352000
3.343000
3.311000
3.290000
3.282000
3.266000
3.260000
3.279000
3.222000
3.164000
3.233000
3.263000
3.341000
3.320000
3.332000
3.282000
3.248000
3.338000
3.337000
3.331000
3.431000
3.328000
3.276000
3.277000
3.258000
3.250000
3.283000
3.275000
3.197000
3.219000
3.229000
3.227000
3.267000
3.299000
3.240000
3.288000
3.288000
3.295000
3.248000
3.337000
3.299000
3.308000
3.342000
3.399000
3.407000
3.488000
3.496000
3.440000
3.336000
3.300000
3.211000
3.096000
3.158000
3.163000
3.248000
3.213000
3.218000
3.280000
3.257000
3.257000
3.257000
3.289000
3.250000
3.218000
3.218000
3.264000
3.159000
3.104000
3.100000
3.170000
3.112000
3.150000
3.267000
3.225000
3.376000
3.401000
3.438000
3.424000
3.490000
3.521000
3.550000
3.553000
3.530000
3.487000
3.532000
3.377000
3.361000
3.385000
3.344000
3.264000
3.234000
3.210000
3.290000
3.199000
3.241000
3.242000
3.214000
3.268000
3.275000
3.250000
3.325000
3.386000
3.485000
3.482000
3.471000
3.526000
3.510000
3.491000
3.385000
3.454000
3.353000
3.333000
3.295000
3.380000
3.407000
3.444000
3.481000
3.490000
3.544000
3.518000
3.553000
3.573000
3.597000
3.635000
3.582000
3.580000
3.561000
3.485000
3.500000
3.514000
3.514000
3.514000
3.595000
3.600000
3.710000
3.694000
3.731000
3.691000
3.708000
3.624000
3.599000
3.585000
3.562000
3.531000
3.524000
3.574000
3.585000
3.579000
3.513000
3.572000
3.572000
3.614000
3.500000
3.466000
3.511000
3.650000
3.655000
3.500000
3.566000
3.577000
3.556000
3.581000
3.609000
3.621000
3.615000
3.605000
3.536000
3.514000
3.595000
3.575000
3.555000
3.535000
3.563000
3.539000
3.508000
3.443000
3.346000
3.354000
3.389000
3.428000
3.400000
3.353000
3.371000
3.386000
3.378000
3.393000
3.498000
3.565000
3.560000
3.556000
3.549000
3.419000
3.405000
3.419000
3.483000
3.466000
3.350000
3.310000
3.377000
3.465000
3.553000
3.565000
3.557000
3.586000
3.630000
3.617000
3.650000
3.598000
3.628000
3.587000
3.605000
3.537000
3.523000
3.484000
3.504000
3.368000
3.395000
3.385000
3.420000
3.407000
3.396000
3.378000
3.333000
3.320000
3.352000
3.336000
3.368000
3.378000
3.337000
3.308000
3.167000
2.975000
3.060000
3.031000
3.142000
3.143000
3.126000
3.058000
3.031000
3.110000
3.065000
3.058000
3.114000
3.134000
3.056000
3.046000
3.024000
2.990000
3.062000
3.100000
3.068000
3.098000
3.029000
3.060000
3.048000
3.167000
3.159000
3.171000
3.271000
3.278000
3.340000
3.443000
3.401000
3.455000
3.460000
3.496000
3.378000
3.364000
3.320000
3.375000
3.399000
3.382000
3.395000
3.349000
3.384000
3.412000
3.428000
3.337000
3.337000
3.357000
3.368000
3.427000
3.449000
3.456000
3.433000
3.408000
3.250000
3.250000
3.149000
3.132000
3.162000
3.164000
3.208000
3.250000
3.290000
3.330000
3.288000
3.198000
3.191000
3.230000
3.238000
3.155000
3.124000
3.121000
3.125000
